Symbolic pkg v2.8.0: Python communication link active, SymPy v1.5.1.
A =

 Columns 1 through 4:

      1.000000000000      0.000000000000      0.000000000000      0.000000000000
      0.000979859629     -0.001799341324      0.000498963838      0.000320517857
      0.000000000000  -7262.950122143838      0.000498963838   7262.949623180000
      0.000000000000  -7262.949623180000      0.000000000000   7262.949943697858
      0.000000000000      0.000000000000      0.000000000000      0.000000000000
      0.000000000000      0.000000000000      0.000000000000      1.000000000000
      0.000000000000      0.000323395172      0.000000000000     -0.000402216081

 Columns 5 through 7:

      0.000000000000      0.000000000000      0.000000000000
      0.000000000000      0.000000000000      0.000000000000
      0.000000000000      0.000000000000      0.000000000000
     -0.000320517857      0.000000000000      0.000000000000
      0.000000000000      0.001478409077     -0.000979068764
      0.000000000000     -4.113556377741     -1.000000000000
      0.000320517857      0.000979068764     -0.000979068764

D =

   5.027709605430
   0.000000000000
   0.000000000000
   0.000000000000
   0.000000000000
   0.000000000000
   0.000000000000

X =

   5.02770960543
   5.95732382586
   7.78288996336
   5.95732370045
   3.11538693216
   1.05934871235
   1.59963304852

| t<0 Analysis |
|Nodal Analysis|
|V1| 5.027709605430V |
|V2| 5.957323825862V |
|V3| 7.782889963356V |
|V4| 0.000000000000V |
|V5| 5.957323700445V |
|V6| 3.115386932165V |
|V7| 1.059348712348V |
|V8| 1.599633048515V |
NA_TAB
|i1 | 9.108914455162e-04A|
|i2 | 9.108914857143e-04A|
|i3 | 9.190686713277e-04A|
|i4 | 1.439866960489e-03A|
|i5 | 9.108914836710e-04A|
|i6 | 5.289755173768e-04A|
|i7 | -5.289755173768e-04A|
|iVs| 9.108914455162e-04A|
|iVd| 5.289755173768e-04A|
|ib | 2.064084449118e+04A|
NA_END
I =

 Columns 1 through 4:

      1.000000000000      0.000000000000      0.000000000000      0.000000000000
      0.000979859629     -0.001799341324      0.000498963838      0.000320517857
      0.000000000000  -7262.950122143838      0.000498963838   7262.949623180000
      0.000000000000      0.000000000000      0.000000000000      0.000000000000
      0.000000000000      0.000000000000      0.000000000000      0.000000000000
      0.000000000000      0.000000000000      0.000000000000      1.000000000000
      0.000000000000   7262.949623180000      0.000000000000  -7262.949302662143
      0.000000000000      0.000323395172      0.000000000000     -0.000402216081
      0.000000000000      0.000000000000      0.000000000000      0.000000000000

 Columns 5 through 8:

      0.000000000000      0.000000000000      0.000000000000      0.000000000000
      0.000000000000      0.000000000000      0.000000000000      0.000000000000
      0.000000000000      0.000000000000      0.000000000000      0.000000000000
      0.000000000000      0.001478409077     -0.000979068764      0.000000000000
      1.000000000000      0.000000000000     -1.000000000000      0.000000000000
      0.000000000000     -4.113556377741     -1.000000000000      0.000000000000
     -0.000320517857      0.000000000000      0.000000000000     -1.000000000000
      0.000499340313      0.000000000000      0.000000000000      0.000000000000
      0.000000000000     -0.000979068764      0.000979068764     -1.000000000000

 Column 9:

      0.000000000000
      0.000000000000
      0.000000000000
      0.000000000000
      0.000000000000
      0.000000000000
      0.000000000000
     -1.000000000000
     -1.000000000000

J =

   0.000000000000
   0.000000000000
   0.000000000000
   0.000000000000
   1.515753883649
   0.000000000000
   0.000000000000
   0.000000000000
   0.000000000000

K =

   0.000000000000
  -0.229552538430
  -0.680345277744
  -0.229552507461
   1.454115504443
  -0.040819697808
  -0.061638379206
  -0.000764574939
   0.000744192018

Ix = -0.000764574939 
Olaaaa
1982.479161834574 Req
0.002051118227 tau
